[sliderbg.jpg]
filters=bw=1;PicnikGrain=1,0.000000,0;dir_tint=1,0.500000,0.500000,0.198830,0.549708,ffffffff,0;
moddate=3188cb29e856d401
width=900
height=400
textactive=0
